cvc-clinicdb

dice_train: 0.16620431518682852 dice_valid: 0.17454651241138303 dice_test: 0.19176980674110455

miou_train: 0.09063404203820097 miou_valid: 0.09561816480021908 miou_test: 0.10605386828293475

precision_train: 0.09065234619173042 precision_valid: 0.09563540922497296 precision_test: 0.10609771320151787

recall_train: 0.9977771364702114 recall_valid: 0.9981177756950953 recall_test: 0.9961185165045084

accuracy_train: 0.10296834101442431 accuracy_valid: 0.10754049977948589 accuracy_test: 0.11836907171433972



cvc-clinicdb

dice_train: 0.8493753998521791 dice_valid: 0.8624481174908538 dice_test: 0.8485700054800904

miou_train: 0.7381863726388781 miou_valid: 0.7581615667397215 miou_test: 0.7369705579312296

precision_train: 0.8514017036778615 precision_valid: 0.8289358371329717 precision_test: 0.8609070253216462

recall_train: 0.8473587181789408 recall_valid: 0.8987842340935125 recall_test: 0.8365815756104078

accuracy_train: 0.9730709888896004 accuracy_valid: 0.9728971912014869 accuracy_test: 0.9686488489950856



cvc-clinicdb

dice_train: 0.8581162481503379 dice_valid: 0.8660357295305353 dice_test: 0.8527340748786297

miou_train: 0.7514917755509982 miou_valid: 0.763724000908771 miou_test: 0.7432749951049213

precision_train: 0.867086927789069 precision_valid: 0.8409734179015889 precision_test: 0.8697582021157315

recall_train: 0.8493292849533076 recall_valid: 0.8926377173799854 recall_test: 0.8363635937474364

accuracy_train: 0.9748336917064229 accuracy_valid: 0.9738931963520665 accuracy_test: 0.9696677423292591



