cvc-clinicdb

dice_train: 0.4575104548051807 dice_valid: 0.5083505968678219 dice_test: 0.5011074994758454

miou_train: 0.2966052225316032 miou_valid: 0.34079764038411636 miou_test: 0.3343185046963747

precision_train: 0.32159624113936214 precision_valid: 0.3703337088931534 precision_test: 0.36012185109525563

recall_train: 0.7923957129791152 recall_valid: 0.8103561387066541 recall_test: 0.8235050077231209

accuracy_train: 0.8316204508797067 accuracy_valid: 0.8518186999905494 accuracy_test: 0.8278276997227823



cvc-clinicdb

dice_train: 0.7082640442921766 dice_valid: 0.709351428213969 dice_test: 0.7352147613868376

miou_train: 0.5483040409013578 miou_valid: 0.5496085020512992 miou_test: 0.5812961275488959

precision_train: 0.7706604684303675 precision_valid: 0.7339353768293057 precision_test: 0.8039136047003316

recall_train: 0.6552146738305452 recall_valid: 0.6863610330105175 recall_test: 0.6773329333092694

accuracy_train: 0.9516345477495037 accuracy_valid: 0.9468277961977066 accuracy_test: 0.9487725534746724



cvc-clinicdb

dice_train: 0.847925074963107 dice_valid: 0.8519855220591196 dice_test: 0.8455474611960875

miou_train: 0.7359982033598674 miou_valid: 0.7421383078611266 miou_test: 0.7324228868448149

precision_train: 0.8778531187423414 precision_valid: 0.8500436665379562 precision_test: 0.8983520974503652

recall_train: 0.8199703874098685 recall_valid: 0.8539362699156514 recall_test: 0.7986058536333827

accuracy_train: 0.9736454760442015 accuracy_valid: 0.9719506540606099 accuracy_test: 0.9693655198620211



cvc-clinicdb

dice_train: 0.8596696015690892 dice_valid: 0.8738308218915419 dice_test: 0.8617951892403714

miou_train: 0.7538776505054944 miou_valid: 0.7759321058308929 miou_test: 0.7571530018970983

precision_train: 0.8445611869623231 precision_valid: 0.8325055922611121 precision_test: 0.8564735077874697

recall_train: 0.8753284132558041 recall_valid: 0.9194730813287514 recall_test: 0.8671834165023989

accuracy_train: 0.9743936257284196 accuracy_valid: 0.9748990458826865 accuracy_test: 0.970795416062878



